5 -13.5
9.5 14.5
15.3 -3
-1 -4.5
0.5 3
-23 -4.2
4.7 9.9
-11 13
5.6 18.1
3.2 -3.3
-2.3 -8.2
-8.5 -8.2
16.3 -17.3
26.2 3.6
17.5 5.5
-9.5 7.5
-9.3 10.1
2.7 14.9
7.6 -9.1
6.7 -8.1
4.4 -3.9
-5.4 -7.4
9.1 2.4
-4.0 3.6
3.9 8.2
-3.3 9.3
-2.9 9.6
3.9 -6.4
9.4 -5.6
2.2 -4.0
-6.0 -2.6
-4.8 -11.5
-1.7 4.6
-9.0 4.6
7.6 14.2
21 18.4
3.4 -9.4
-4.2 -4
1.8 -2.6
9.4 -1.1
11.8 0.6
4.9 0.4
-1.9 4.2
-9 -0.4
17.5 -2.1
5.6 -7.4
8 -5.4
10.1 5.0
15.1 -1.8
-4.9 -3.9
-5.5 -4.2
3.4 7
-1.7 6.8
0.2 13.6
4.2 -13.6
3.3 -4.6
0.4 -7.7
-4.7 2.8
5.2 5.2
14.2 9.8
4.2 13.4
5 17.3
-10.7 5.2
3.7 -10.1
-3.0 -19
-7.7 -8.3
-7.9 -2.7
4 2.2
3 3.2
3.8 14.3
-5.6 9.3
-6.3 12.8
-7.6 -5.8
-12.6 -17.3
4.5 0
15.1 1.8
6 3.7
14.9 5.9
12.4 9.6
-6.4 5
-14.1 -2.4
2.6 -17.6
3.2 -3.0
9.1 -1.0
-7 -9.6
-9.7 -8.4
-3.3 -1.8
6.3 0
1.5 0.9
-4 3.5
3.8 -3.8
-5 -5.9
10 -1.9
-3.2 7.2
-2 10
-2.2 11
-3.6 17.6
-11.1 7.2
6.8 0.5
-9.3 4.8
